-64 -58 38 60 -30 80 -34 -28 -7 -46 97 6 97 57 -31 38 20 -63 -49
8 -76 -54 -10 53 -61 -89 -71 -5 -7 6 -1 -19 0 -63 -58 22 69 -40
94 -86 14 92 20 12 1 41 -98 74 31 -46 -66 55 -48 24 -40 -9 35
-58 38 80 48 -63 -39 -100 -26 -45 23 -56 16 17 -42 82 -39 31 -54 63
-28 -51 -11 -97 -45 23 10 7 -53 71 51 34 -87 -11 -34 13 27 27 13
-99 35 -64 97 -97 6 -44 85 19 39 84 -18 -89 -67 71 67 -60 -54 -71
47 -7 -100 -2 -73 65 88 -7 -22 -33 73 44 -32 -40 32 -82 -37 -62 -74
-100 58 65 84 92 28 69 16 -5 -91 62 -23 57 -92 -23 -93 -65 -57 47
-19 -27 -86 -46 -83 -65 14 50 -47 77 40 -21 77 -2 96 14 -57 24 -17
11 72 -7 -75 -51 -98 -67 -22 61 -31 -27 9 50 47 -25 56 64 10 -78
-34 15 99 -93 46 28 -43 42 -58 0 -33 -22 63 91 71 89 -60 25 -78
18 -14 -57 92 47 45 -9 -77 1 -45 -15 23 -26 -99 -26 -19 -1 55 38
-58 49 91 -39 -73 6 -96 50 -5 -56 -25 18 14 14 13 -42 -39 -41 49
-16 12 57 70 -64 -69 23 -38 -36 -78 -83 54 -84 67 -3 -71 46 -96 -67
-3 -1 -71 24 69 44 -62 -65 -98 -48 -6 4 -12 -94 -39 -90 94 -56 -15
-43 -40 8 -74 -86 -24 93 12 6 40 -32 -9 89 19 21 13 -59 -35 4
-24 -81 8 70 -25 96 28 -12 59 23 32 -56 32 92 4 58 59 81 4
