-77 -61 -56 -9 30 85 62 -49 -50 -97 -32 54 -21 -60 -86 -99 15
-89 -18 -96 22 -95 -12 66 -11 -19 -77 -53 92 56 51 67 95 47
-90 -23 -16 72 -19 35 76 49 -59 -93 41 -44 61 -43 -81 -57 -39
41 -100 49 -41 -11 82 -18 -12 26 -62 92 -7 85 -9 3 -37 76
-24 -4 11 -96 -55 52 -89 87 60 72 96 79 67 -43 20 67 58
32 -44 -7 -86 45 -81 -95 -11 13 90 80 -84 -95 56 -56 1 -81
-100 -1 24 -88 -62 -16 36 86 -36 4 -57 36 -29 53 -32 -20 -54
-65 77 -34 -60 -34 31 82 -54 47 40 -97 44 93 74 44 -56 -2
8 -18 83 97 -32 99 1 -37 35 24 69 -96 56 -85 91 33 -67
-69 99 64 -87 98 -36 5 -99 -92 -1 75 4 43 -74 -87 78 -91
-90 98 -92 -37 -86 -5 39 83 -49 -4 98 -58 81 84 -27 81 48
-61 31 -88 44 32 -80 -57 -41 25 39 -15 -10 17 -54 -48 15 -94
-33 29 2 -94 -36 53 -46 -85 96 88 99 -31 21 47 -40 -48 60
-95 36 32 -100 95 -91 -9 -67 -1 -92 -69 3 -24 -62 70 57 40
29 -78 -7 35 -63 -11 23 -64 11 -56 35 71 -4 -5 28 -68 -72
-19 80 -63 24 65 -11 33 96 44 61 -66 -33 18 26 96 -8 -80
-17 -19 -39 -93 17 24 -49 -47 -52 0 0 28 32 -20 -91 -36 -30
34 -71 59 -81 -74 -45 32 -88 22 -50 -9 18 -5 -37 -98 76 24
61 -54 -99 64 -1 -51 -36 51 77 49 -68 39 -87 2 -75 95 -87
