-4056 14878 -2052 -14638 9481 -1169 -16900 8305 6539 15023 31833 -36404 6570 16428 4873 -8880 11254
20287 -3264 18413 -5120 5985 5396 -16060 -8270 -1401 -1420 14380 -2689 -708 -21268 -9532 10754 24723
-8193 4781 1856 -23828 26082 -1041 6782 7919 -12446 -14233 -3942 4776 -1071 -5060 -17842 -4827 7225
17951 -16317 -9842 31381 2575 -45 -638 -13511 -839 -13281 5711 6372 2593 -5115 -8496 -9484 -8020
-3983 23952 -8160 -3818 16811 -29640 1736 5217 -19924 7949 -14378 -6216 -12824 1983 -19690 15061 -23990
11580 18724 -22 19763 -5521 658 19836 4326 -5352 669 4971 -12393 24919 26010 39505 -585 -4787
-4395 -112 -5183 -3742 -7642 -6976 311 1015 -15038 543 2653 -3941 -13660 21704 -1358 -15139 528
2935 -13393 -7174 3741 -46439 17463 -8450 38819 17947 17115 29998 -278 15821 31052 2817 6728 23468
-2111 23079 4009 -10138 -2683 -10271 15912 -23650 1397 3223 -6631 7047 -781 14882 4259 -3595 -1792
-12384 13907 -2988 13920 3671 9018 12767 -18794 -2048 -12426 -16685 -1732 12652 -10920 23421 -1898 10662
-19474 18078 802 -11194 5552 -14223 10532 -5305 7157 -2523 -4429 1275 4166 2547 18118 -7437 648
32114 -31801 2600 3311 -10050 7446 -21709 10411 11385 10502 18788 -133 -9569 -2491 -15557 5423 5610
5227 -1367 -15673 34610 -2161 -8324 8519 -6279 8266 -5449 -13085 -6358 -2392 7029 9131 -2879 -2430
-3792 -16652 4434 21314 12098 1391 4029 673 -17940 -35809 -20852 6438 469 -12705 12505 -25683 10263
26183 -16063 -9831 -10238 -1729 4855 -33090 8723 -2471 15790 19816 10219 -8925 8810 -18491 -4971 21356
-9273 19284 9994 1782 6546 -10004 8645 -5387 2065 11123 -11792 -8974 -13389 9082 3791 -9865 -17153
3493 -5243 22316 -33854 12353 -5402 -10480 -11333 3842 2846 18580 -25097 -3757 -4504 -8676 3045 -8621
