28 37 91 30 -72 -39 -75 -9 -85 -98 68 76 -100 69 -7 -49 70 9
-98 -1 -42 -66 -62 -76 -12 -85 71 1 -89 44 70 -9 -19 13 -78 -38
26 99 53 42 53 21 -30 53 -58 63 -96 -88 -27 -93 12 -17 93 2
-41 -18 18 -70 35 -19 74 -43 25 -92 70 47 -78 -3 -2 75 91 -48
-51 -39 57 -57 77 62 -44 -98 21 20 -15 -34 -78 45 0 -8 27 -64
26 2 -7 -49 -38 -84 50 -16 13 -52 -89 4 -48 -88 17 -90 -44 -6
24 12 -52 97 84 34 -85 58 -69 16 -49 58 4 29 -88 97 80 -74
65 30 -38 -22 30 -26 34 83 -14 -96 45 -6 -50 -79 -94 -1 -82 90
85 85 1 68 1 52 26 57 -67 -9 7 -87 -31 -28 -5 32 3 77
58 -63 12 96 93 -43 -9 -56 -22 -51 43 -52 92 -20 86 -7 -52 -61
97 26 97 -70 -83 4 -57 -13 76 -10 71 -21 -33 29 -31 80 -23 -38
89 68 6 -80 -82 -99 -80 -90 -19 -94 -45 29 -54 -48 -44 -57 -18 -75
47 -23 -36 -25 67 -65 7 86 64 76 66 -58 90 56 62 -51 28 32
-50 48 -6 -16 55 49 -87 -99 -99 -79 96 -17 -53 -5 60 11 70 -21
-1 -23 -34 -85 -95 84 -43 96 -8 72 -55 -80 4 -53 69 99 31 -24
48 -3 -71 2 18 -75 85 17 20 -2 -71 -58 29 -20 -28 95 -5 -23
