32 5 -75 -76 -23 -78 97 81 -78 66 32 53 94 -67 -50 -77 35 21
-52 20 -62 20 70 -81 62 -48 -1 -66 99 95 -36 31 0 -11 56 77
-36 53 10 -14 -29 95 91 -83 -72 -58 -60 63 15 -60 -65 53 60 58
73 22 -90 -76 9 -91 -81 73 41 -29 -86 -51 -100 -70 54 -37 16 77
-42 -40 94 -14 2 86 -51 69 -74 -16 22 86 94 -53 -40 -96 -28 21
-86 -57 -54 7 15 -39 8 15 -57 -86 78 60 91 88 72 37 -26 -74
23 -25 95 49 12 17 -13 6 17 -1 11 89 -79 -23 84 -33 84 -1
-20 -56 67 24 -42 -3 -64 -99 -62 -92 38 12 -66 -87 88 81 62 0
-2 -99 -94 -85 0 -31 56 -27 46 41 -7 -18 92 25 26 11 -99 36
61 89 37 99 97 -25 -37 83 -12 -49 64 -98 3 -85 55 -38 82 -44
-17 -9 -19 -70 -68 26 -36 76 -48 43 -60 -47 -21 -99 -57 -83 52 92
-56 -85 28 -15 -33 -56 -13 22 -89 -57 36 94 -49 -80 -15 -16 -98 -31
-89 -34 97 -85 -91 -63 -80 -11 -62 -85 -42 90 60 2 -94 -60 87 -75
-16 -73 -1 -4 -78 -64 -58 -75 -44 -21 9 -42 48 -28 -24 45 -61 -14
35 -88 27 73 -73 85 16 39 -61 -26 79 79 -49 -36 58 50 12 80
86 6 57 94 85 -82 -96 -15 -9 -19 82 -18 19 17 -6 98 -57 -26
35 59 -87 74 85 93 5 -64 -91 -37 86 21 95 25 79 52 19 64
71 24 -99 -86 57 35 -4 -72 -47 43 -74 -52 -83 61 59 -70 35 44
