-2075 9497 -33106 -8962 -11785 9544 20106 -17723 -16232 4537 -10691 -1598 -14772 -12418 -11638 11257 -6924 29750
-7919 -7682 18234 1791 -2305 -14679 -191 -7230 31541 5573 -6554 -4325 -2454 21954 -17048 6173 -22657 -26005
7825 32085 -11106 23139 33960 15677 13400 -5972 -7490 -20283 23060 11453 4095 4340 20841 6545 29856 13871
255 -8484 6861 17365 4627 24156 3570 -6675 -5432 10177 12362 14460 10196 2898 -1146 14007 -21257 12899
-8163 2808 -894 16433 6586 24813 12059 4218 1623 3311 9203 -4360 35167 11940 -7501 10967 -23690 -4194
2353 2501 748 -1714 -1625 14048 31082 -1938 21952 20257 -7870 10724 -17559 9030 1584 -4464 1183 1785
217 6100 3588 12592 17486 -27807 -31608 6664 -14365 -24196 22489 -15 18637 -10832 675 9655 -16001 -12684
-19 -787 -4521 -26652 1576 -5023 6627 -3670 5861 20921 -17411 2054 -20742 1268 -3017 -20838 6593 6417
13866 15747 -19958 -2341 17534 -10253 2596 -1242 -6417 -2889 5937 2434 -13377 2661 16814 -5688 27885 16161
-84 -8268 16831 -22651 -31180 5057 -10735 35148 -2745 8085 -22236 13499 7340 -20717 -26889 -23728 7904 11049
-787 2527 -19116 -7398 -3520 -13836 26518 -9235 -3798 11882 3647 -7118 24480 -3314 -23496 15618 -7756 7017
-8204 13789 -20284 -8679 -2805 -5627 45804 -1292 18862 27049 -2177 7066 7089 13165 -33011 -522 -14452 3622
2152 -12375 11781 -11102 -18658 10212 -13048 3467 -19935 -53 -866 -3836 13017 -25455 586 -18747 22260 10195
-8092 6696 -13037 10048 1390 24659 2942 9988 -10913 2702 9863 7045 9832 12955 -11995 1341 -9575 20068
10665 4577 7539 40098 16935 -1591 -3287 -12284 -1558 -15346 37128 -9543 10187 17935 25778 39936 8284 -20197
19117 3011 18627 10981 13832 -15716 -12021 2277 15772 9184 8810 841 1943 3875 3974 306 3864 -9207
