-68 -44 18 5 -48 -57 -16 -96 15 -100 27 91 -99 41 48 -11 90 76
42 33 -98 42 50 15 1 80 -50 -55 56 -57 77 88 -48 -5 -6 -44
-9 30 -40 -94 31 40 97 -16 -19 -3 73 -29 -27 -33 -96 -73 -91 54
42 -38 -13 44 7 -57 40 -64 83 44 -16 -23 -100 75 60 -88 33 -57
52 30 27 -66 -73 -47 -43 -48 -28 -86 -69 -66 20 25 -4 -93 -79 56
-98 61 44 86 5 -72 -85 5 55 75 -30 -12 -82 -78 -82 -2 -92 97
3 -82 -99 75 -68 84 61 52 9 -42 12 31 66 14 -56 10 -48 2
39 -32 59 -6 95 -71 83 66 -48 53 -84 -88 3 19 -70 -44 -54 -38
-59 -92 67 2 -82 -21 -67 84 45 -70 -6 50 32 -67 -82 -9 -20 65
21 -85 31 73 68 -1 85 -77 -82 68 -20 -83 -70 -27 -75 97 75 95
-72 -91 79 26 91 -75 -24 23 -89 -54 -86 -9 63 35 6 -53 -40 -74
46 98 -98 17 66 -18 34 48 55 11 -2 30 6 -22 -9 -63 -96 -18
-38 -68 57 -27 -70 72 16 94 -41 -78 93 -28 -99 39 -30 -97 -44 88
-63 42 -12 44 -47 86 -74 11 -35 18 0 -79 52 63 -94 10 88 88
-66 5 34 -55 -21 27 17 -68 -81 39 -65 -25 27 -76 70 68 68 75
54 95 -13 71 -35 87 45 69 2 3 -69 -9 -9 -83 96 -74 -37 -73
5 80 -40 24 20 -53 52 99 -28 22 67 92 -3 -26 87 36 97 -96
-24 42 74 78 97 57 -79 -11 75 69 -33 -62 97 24 70 -43 -51 -10
