-44 -99 -58 28 -25 -91 21 72 -65 -40 9 -67 -83 85 27
43 15 25 0 37 66 -73 6 85 -35 3 9 -64 12 58
-22 69 11 20 -51 86 -18 22 11 17 35 -80 50 52 57
-22 -5 -76 55 47 61 21 27 -80 6 92 -25 -85 80 88
26 -89 9 89 -17 10 76 65 -67 -13 -17 20 -41 85 -28
68 -37 19 92 70 -82 6 -9 45 26 49 -10 -99 17 -78
41 -57 85 -98 -68 -31 -35 60 -66 -2 99 -31 70 -42 -45
94 78 -30 13 23 -59 -17 -71 -16 81 7 -66 -29 8 51
-55 -98 46 -69 56 30 0 -79 -57 -14 -29 -58 56 -59 -47
63 -65 -69 85 0 54 -74 84 35 -37 65 -58 -3 88 3
-100 85 5 46 -84 -87 -72 -32 -65 -29 55 6 14 -37 0
67 -74 35 50 63 88 -43 90 24 92 -95 -59 -65 2 -71
38 2 -86 95 -100 83 -92 -72 -49 95 0 58 -46 66 73
54 -15 99 -59 87 15 -71 -56 -43 53 89 -38 94 -76 64
75 14 -82 42 -39 70 25 -79 98 28 -83 -50 -61 -77 68
-88 77 -47 64 70 93 -21 52 -63 36 5 -74 98 -48 -98
14 79 -32 32 21 -19 -46 98 3 -96 -21 -28 -45 18 -5
75 30 -76 81 -54 94 74 25 -2 -89 -39 -96 90 -89 -92
