-7958 16087 14075 -15684 8011 16369 10422 7549 8398 -14615 -23226 -9942 21005 -38581 -16477
1684 3979 2116 2830 1748 -27485 -11304 -16525 -24343 12783 21458 17885 -14521 9395 21412
1438 -13650 25589 -14393 -21121 -30483 4195 1040 -3119 -12895 12482 15371 14489 -7616 -23251
-5287 -28647 15841 -30508 8313 -10394 5064 2684 -3664 -16694 9000 -6217 3106 -4116 14394
179 -322 4999 -24404 -15690 -2585 13707 -23204 15679 -5274 -10960 14007 9921 -10387 16961
-7125 4096 -9036 3835 9421 34486 16951 4008 7258 -16185 -2467 -6722 17279 5459 -5806
3601 -8460 1269 -1128 7384 -18667 -3686 -12716 -22897 22841 16489 4248 -5293 -4902 -10227
7630 -15073 7306 -15256 -15416 -10666 7865 9592 -17419 1991 23827 3976 11614 28523 17957
-7389 23048 -5563 -1007 -3057 7260 8016 -16017 -5552 13927 -16210 -5230 14776 -7004 -10102
-13791 5071 -14573 16316 -7927 2977 19119 51257 -25541 -34985 27016 -14753 24793 12636 -26358
8167 4734 3295 -4505 -11380 11526 11091 -10832 -4602 27778 -1927 21310 -582 19737 29233
11463 -34587 7370 -6751 2204 -7990 2067 -6993 -3755 5003 -2108 7595 -20571 9126 5356
7435 26353 19556 -15738 -8313 -36063 11969 -22182 3774 -2020 12787 -7421 18291 -26986 -5139
9546 28207 -10299 19394 12719 3461 -11190 -3745 1458 -12721 18820 3544 3440 1353 1650
13678 20587 -21959 21128 -13512 28180 4134 17143 26259 -12836 -14465 -3268 6643 -6747 -16483
23041 -16290 -9083 -733 4638 -11261 3146 -9263 23303 8789 1740 162 -48955 18286 23429
10313 12122 -6132 7774 3680 489 -25245 12449 3599 10141 -6464 -8609 -28145 5566 14592
13563 -16253 -18040 28191 -1311 28204 969 -21904 3608 9039 6879 553 -20191 24964 28552
