-87 -91 -39 -6 -37 -41 97 -32 38 -79 -25 -92 -32 -98 -9
-56 83 37 91 57 -37 -11 21 -24 -7 11 -12 -47 -45 65
-59 -32 75 2 15 90 13 -36 -90 -96 -14 -63 64 6 -60
-45 51 -77 93 42 33 -92 -69 -46 -16 -23 17 24 30 24
-10 23 93 -83 -75 -40 59 -9 24 22 -53 62 59 -89 -31
51 -33 -80 27 -88 62 -40 -80 93 -34 -44 -30 83 81 53
7 -77 -24 -48 92 -46 12 51 45 89 -75 92 51 85 -97
-80 36 -78 92 -37 -66 54 -25 -94 0 -7 -37 22 -24 96
-25 36 71 52 40 63 58 -95 -34 3 46 -8 -53 -3 -71
-98 -30 17 77 -38 33 -89 -83 -92 70 -31 2 85 91 30
33 -81 -82 4 23 11 -81 -19 -32 -63 36 -86 -19 83 11
10 37 81 -72 14 96 61 -22 -87 21 -52 -66 75 85 -75
6 18 96 -24 -78 19 87 93 -100 -45 -70 36 -31 12 -29
33 -78 -91 -34 -98 -25 -38 15 53 -73 -63 53 -39 -88 38
-61 -30 -44 -65 47 -70 55 -14 -77 55 -6 -46 -56 63 18
15 -52 -8 24 15 -5 -100 29 62 5 57 99 -41 -82 64
49 -43 86 58 -55 -15 88 -100 72 64 7 -34 70 51 81
