-12 -33 82 80 43 -51 -73 43 78 90 -99 35 41 -88 6 -43 61
15 -56 19 60 -19 -40 60 -47 76 -80 -29 46 71 -95 86 -62 39
18 82 88 46 -23 66 -12 -70 -46 81 -58 60 -61 -96 -73 -65 -25
88 16 -13 0 22 -37 20 45 61 -8 50 47 -18 -59 -82 -84 -71
16 -54 48 -96 -24 -98 85 19 14 -76 -25 41 -89 50 29 28 90
82 -98 -95 2 47 67 46 -50 -34 -71 -9 -64 -55 21 52 -9 -31
56 20 -77 42 -61 37 18 14 -70 -18 -84 60 -90 58 -6 -88 64
96 11 -17 43 61 1 24 -47 38 21 26 -10 65 47 -53 -15 22
41 -24 -41 -89 42 -11 -7 10 -99 -45 -31 -5 -81 -67 -56 31 -32
39 -56 69 -37 -3 7 36 75 98 1 -26 97 86 96 -10 -86 -93
-47 56 -51 47 -33 -98 54 36 -50 26 21 -6 -43 89 85 1 10
-100 51 70 36 -22 20 -62 53 17 76 1 59 91 9 -88 47 58
11 66 12 -82 2 62 44 75 -92 -99 16 93 -46 -73 93 57 97
-18 -64 -31 -28 41 38 -100 -58 -3 43 3 -39 -57 -39 73 -91 74
91 -36 -12 35 -61 -3 -12 56 -10 -6 35 -64 -96 -16 -30 -60 53
