6300 14181 -26435 -7939 -9006 4119 6930 -1336 -27894 -10779 4666 -14315 -22050 14929 -12327 14956 -14298
15503 659 4950 6966 -10979 -15762 16799 -1292 14158 -7702 8452 4081 -2717 -3503 -10880 -13384 -5141
1306 9694 -12419 -4332 -339 18976 9572 -19385 -21665 -12127 3177 -5885 -22720 -6329 16744 7677 3222
-1516 -13919 -1353 -12630 1174 -8102 6123 6163 14752 -18921 19369 -5353 2809 -8420 12241 3900 -547
-9642 23483 16106 7429 -9373 22336 -2249 1187 -13902 5540 -14951 22434 13228 -10922 -13802 8169 -331
5418 -14903 -17676 -15514 14214 14174 -18946 8688 -16041 -10835 5293 -16541 -17854 -28191 12320 3016 2605
-12782 -2468 18320 -28859 10847 7313 -10616 8023 2424 4653 -8552 21855 11452 12758 -7414 10216 13993
12397 4480 -11698 5718 -17038 -3591 9757 14261 8807 -13683 18703 -136 -1496 7537 2601 -13251 -198
-3001 -690 -3706 4797 -8257 -2511 11381 -9170 -1741 -2682 -10404 8968 -12425 2828 6092 -13396 -10640
-804 -975 3356 -16706 -536 20248 -2970 5851 4572 -6381 22473 1639 -1379 -5062 10113 -7828 -12196
-5388 -12398 -13306 -9003 10922 -11930 -9694 -3138 451 2467 13304 -28683 -13178 4717 18634 7679 3884
3723 -9254 -971 -1799 3054 26300 3603 -21035 -6956 -10115 -17448 9188 -10066 -7670 30911 -14068 12917
4563 12461 2454 30917 -37 25413 -12096 -23605 4370 21164 -9634 2730 14254 -5389 -14386 -15731 5494
-8902 6101 -4483 6104 6010 3491 -19540 7979 -3412 12114 8257 -20807 16593 -1694 -25236 26642 -7231
-5724 -7977 -2493 -5310 -11914 -3695 -623 -1382 6991 1993 1390 -5138 -2674 30523 9882 -9171 5241
-4971 6855 10736 1747 801 -15680 -1384 16060 4095 12664 11093 -5611 9186 6637 -25636 17400 -9664
14379 5657 738 -4062 -7992 14617 -10916 17153 -19271 5112 -13849 15745 -33660 -21324 -5323 -27926 -1310
