-6 75 40 -62 -21 -99 -19 -8 26 -10 -82 17 54 7 -96 46 -96 -56
-46 -54 -9 89 -66 -5 -27 4 -13 78 98 -80 -79 -55 47 61 -17 -74
62 16 -29 -59 -94 -11 58 13 48 15 -89 4 11 -35 3 -98 -46 37
-3 -21 94 84 -91 44 56 -70 41 4 91 -76 -18 5 40 53 46 -1
95 -43 64 -5 24 75 -100 -65 -60 -45 -62 -54 44 -13 -23 -10 -76 -14
-65 80 16 76 -64 -41 53 19 16 -55 -76 -85 -4 71 -28 -40 -33 48
87 -81 83 79 -74 -79 77 70 -39 -46 -39 -15 40 -52 -83 -44 76 -46
-33 29 25 84 27 49 51 -77 -27 75 -64 -8 23 75 -37 6 7 -11
-20 -16 -41 41 39 -28 78 -69 20 95 -12 -3 -51 7 78 74 -57 5
-24 94 -19 49 69 -31 93 -8 -56 -44 99 51 -3 -69 -64 56 72 27
81 50 58 1 -3 98 50 47 6 29 -27 49 86 1 -4 -33 -98 -35
36 95 58 33 -97 9 -16 0 40 -28 -91 -36 99 90 66 10 -57 -37
8 94 -90 66 -25 -64 16 -87 37 -88 -67 -8 -71 21 -13 39 -46 -9
-52 -9 43 40 15 52 -96 15 42 70 77 38 -66 -15 32 96 -48 59
-68 20 72 22 -16 57 -86 13 -21 -47 -47 33 -4 -47 76 -60 94 -8
92 98 59 -13 21 36 77 7 -79 -39 3 -75 -80 -12 -3 44 62 81
2 28 -53 81 81 -48 -34 -22 5 95 -30 -1 -13 -86 -50 -54 -47 23
