34 -70 -70 7 -9 33 33 -37 73 -70 -92 35 64 -38 -37 -89
95 97 -37 -39 -73 20 -44 -3 -80 -5 -37 -78 41 17 45 -73
47 27 35 91 -88 -80 -46 86 -50 -86 -27 66 -24 -11 77 -29
-14 92 -15 13 13 -7 62 -15 89 -75 -41 -18 42 56 10 -58
-17 -55 85 -5 -35 -61 -67 -33 -94 7 -66 -18 96 63 6 -66
56 91 47 -31 -16 -39 6 -27 -14 65 56 81 21 -82 75 -96
-37 60 -49 -20 51 -15 -1 57 44 33 -60 40 -3 46 74 -95
-11 -27 -26 73 34 32 99 72 -3 7 5 -82 25 -20 74 40
92 -75 -80 44 -38 19 1 -94 -95 -7 46 2 91 -28 7 -68
45 33 -94 -69 -35 57 56 14 -36 -39 32 89 42 -42 29 34
-17 1 -70 46 72 32 4 77 77 -49 -69 21 -25 -10 53 73
75 11 -96 -60 -32 60 6 32 -78 -62 -27 16 -52 54 -98 32
-93 -67 -70 80 17 34 9 -6 37 41 67 -87 -69 21 38 -93
-68 42 99 -47 -45 -42 37 -71 -4 63 -3 -3 17 -1 81 -23
32 63 -43 -51 -51 18 -4 87 -41 -37 52 -57 36 -10 -98 21
84 53 26 91 -89 -37 72 -40 -74 -31 57 -4 69 38 25 1
1 34 3 50 -48 99 -11 12 -86 -59 7 3 -17 9 76 -80
-38 2 63 -26 65 36 34 44 -95 -57 92 74 81 17 -72 -66
