7210 -18192 -3935 9608 -13382 -11381 -6309 -16909 -5080 10799 -2341 -16200 -8792 7121 301 6543
8592 18592 -11593 7286 4146 -1346 15001 10685 25968 -11967 -298 6063 1051 -8536 5699 34730
457 -13553 -20872 -16061 12984 12269 535 339 6800 8101 6294 3720 -3476 -11822 -16191 -8291
7709 27317 -4816 17013 -4938 -6058 4396 9363 13636 -16881 1728 19663 1626 -6640 22330 -11739
-4439 -14019 23217 4722 -5510 -22738 -9225 -14966 17206 5713 556 7973 -2484 -12124 -8877 -9752
-14955 16504 18320 -1877 5564 -11085 2121 -4974 6876 12666 4798 -12909 2869 6454 14064 -14685
-19559 -13557 -13548 30170 14309 6773 9191 13399 36661 -15525 -22155 -1132 -22083 5342 16052 -10460
-3238 25799 12201 -13733 -13307 -11609 -516 -13745 -1624 6194 -78 12773 4017 6441 18631 -24199
9767 16572 -6512 -19318 -7334 -6246 5669 -2805 -6288 -4348 2457 10980 21159 8890 -13231 3125
1956 16122 -6845 9573 7012 7942 -6694 14586 -5460 -14880 -24010 -4712 -188 25851 12602 -13543
9645 1548 -19952 -2559 -4553 -6947 3414 2513 10093 6994 -6480 1684 -937 -9031 10877 -22492
5499 11903 -5380 3792 -21731 -8456 4893 -11343 4636 8872 12877 -21574 -534 -6539 7987 -21023
9568 10531 6854 -14927 -4630 -6909 -4987 -26936 2514 5207 -8517 -14538 12625 14560 -19196 -6493
27393 14387 1761 2623 -12084 -4325 12737 5360 -23893 -20086 15757 16212 20677 -4751 -6448 19014
9752 14646 8202 2202 -14712 4543 -12633 15243 -19789 -9266 12352 -7782 -12691 -4087 -4465 -1046
8267 23100 19666 2940 -5800 -6221 -3984 13129 -8424 -12939 -15255 13153 19409 305 16548 -28920
1708 -9258 -10063 -14656 8219 5969 -2054 -7870 1032 -8799 -8351 1863 14088 7779 -17183 1222
